7.33
7.31
7.31
7.31
7.29
7.38
7.42
7.44
7.46
7.52
7.52
7.54
7.54
7.54
7.54
7.60
7.65
7.69
7.66
7.73
7.71
7.69
7.71
7.67
7.70
7.67
7.67
7.63
7.63
7.58
7.63
7.59
7.56
7.54
7.51
7.49
7.47
7.48
7.48
7.48
7.46
7.46
7.43
7.40
7.35
7.33
7.31
7.31
7.32
7.32
7.31
7.31
7.23
7.25
7.29
7.29
7.33
7.33
7.38
7.38
7.40
7.36
7.38
7.38
7.36
7.38
7.38
7.40
7.40
7.40
7.35
7.41
7.42
7.42
7.42
7.42
7.42
7.41
7.43
7.41
7.41
7.44
7.42
7.43
7.42
7.42
7.44
7.45
7.43
7.43
7.45
7.45
7.44
7.44
7.44
7.43
7.43
7.43
7.45
7.45
7.45
7.45
7.45
7.45
7.49
7.51
7.54
7.56
7.56
7.58
7.64
7.69
7.70
7.70
7.73
7.73
7.75
7.76
7.89
8.01
8.12
8.18
8.26
8.40
8.55
8.61
8.66
8.77
8.81
8.83
8.85
8.82
8.83
8.75
8.68
8.62
8.59
8.58
8.57
8.55
8.53
8.53
8.53
8.56
8.56
8.53
8.55
8.52
8.48
8.46
8.46
8.42
8.41
8.41
8.40
8.40
8.41
8.44
8.53
8.63
8.73
8.87
8.98
8.97
9.01
9.03
9.06
9.11
9.07
9.10
9.14
9.19
9.37
9.42
9.47
9.50
9.60
9.62
9.74
9.88
9.92
10.00
10.03
10.02
9.96
9.99
9.94
9.87
9.81
9.81
9.73
9.72
9.69
9.63
9.58
9.56
9.60
9.49
9.43
9.35
9.29
9.20
9.13
9.07
9.02
9.00
8.89
8.86
8.86
8.83
8.81
8.80
8.84
8.92
8.88
8.92
8.92
8.89
8.89
8.90
8.88
8.90
8.88
8.90
8.89
8.89
8.89
8.89
8.93
8.98
9.02
9.08
9.16
9.14
9.14
9.20
9.21
9.21
9.26
9.24
9.19
9.16
9.12
9.11
9.11
9.11
9.08
9.09
9.10
9.07
9.01
9.00
8.90
8.86
8.83
8.81
8.75
8.77
8.75
8.75
8.75
8.70
8.70
8.75
8.75
8.75
8.75
8.75
8.78
8.78
8.78
8.83
8.88
8.90
8.93
8.93
8.93
8.90
8.98
9.00
9.00
9.00
9.00
9.00
8.97
8.97
8.97
8.90
8.95
8.95
8.95
8.90
8.85
8.80
8.80
8.80
8.80
8.80
8.80
8.78
8.78
8.70
8.73
8.73
8.73
8.68
8.70
8.65
8.65
8.65
8.70
8.70
8.70
8.70
8.75
8.75
8.78
8.78
8.78
8.83
8.83
8.85
8.85
8.85
8.85
8.88
8.95
8.93
8.95
8.95
8.93
8.95
8.95
8.93
8.93
8.88
8.90
8.90
8.90
8.90
8.93
8.90
8.93
8.90
8.90
8.93
8.93
8.93
8.95
8.95
8.95
8.95
9.00
9.00
9.03
8.98
9.05
9.18
9.15
9.15
9.15
9.15
9.15
9.23
9.23
9.25
9.28
9.33
9.38
9.43
9.50
9.55
9.58
9.68
9.68
9.70
9.73
9.70
9.73
9.73
9.73
9.75
9.75
9.78
9.78
9.78
9.80
9.75
9.75
9.75
9.75
9.78
9.85
9.85
9.85
9.88
9.90
10.05
10.20
10.28
10.30
10.35
10.35
10.35
10.38
10.38
10.38
10.40
10.40
10.40
10.43
10.40
10.40
10.43
10.40
10.40
10.45
10.45
10.48
10.48
10.50
10.53
10.60
10.68
10.73
10.75
10.90
11.03
11.05
11.10
11.10
11.13
11.08
11.08
11.08
11.08
11.08
11.08
11.10
11.13
11.20
11.30
11.35
11.35
11.35
11.45
11.75
12.00
12.80
12.85
12.80
12.80
12.90
12.90
12.90
12.90
12.90
12.85
12.90
12.87
12.89
12.85
12.85
12.88
13.03
13.59
14.00
15.40
15.70
16.03
16.35
16.35
16.35
16.25
15.90
14.68
14.15
13.38
13.20
13.06
12.85
12.58
12.35
12.18
12.23
12.18
12.18
12.25
12.25
12.55
12.80
12.95
13.03
13.08
13.25
13.43
13.60
13.73
13.78
13.85
14.00
14.08
14.18
14.28
14.28
14.43
14.83
14.95
14.95
14.95
14.80
14.85
14.85
15.07
15.00
15.03
15.20
15.30
15.40
15.40
15.40
15.40
15.40
15.50
15.65
15.77
15.82
16.12
16.64
16.63
16.80
16.76
16.69
16.71
16.62
16.64
16.79
16.74
16.88
17.11
17.13
17.27
17.26
17.48
17.79
18.22
18.27
18.36
18.28
18.63
18.53
18.39
18.44
18.37
18.02
17.70
17.21
16.90
16.94
16.90
16.95
17.04
17.30
17.44
17.61
17.59
17.56
17.65
17.66
17.52
17.29
17.19
17.12
17.04
16.95
16.91
16.93
16.86
16.81
16.78
16.63
16.67
16.63
16.65
16.70
16.71
16.73
16.87
16.93
16.88
16.75
16.65
16.55
16.44
16.21
15.88
15.59
15.56
15.38
15.19
15.13
14.96
14.60
14.20
14.15
13.91
13.84
13.78
13.77
13.66
13.66
13.63
13.60
13.57
13.46
13.31
13.12
13.10
13.06
13.06
13.07
12.98
12.74
12.79
12.81
12.86
12.82
12.82
12.79
12.75
12.73
12.71
12.59
12.55
12.68
12.74
12.82
12.96
12.96
13.08
13.30
13.50
13.58
13.65
13.73
13.84
13.89
13.78
13.77
13.77
13.72
13.72
13.65
13.59
13.60
13.52
13.43
13.42
13.47
13.42
13.43
13.41
13.38
13.42
13.46
13.43
13.43
13.40
13.35
13.29
13.26
13.23
13.19
13.25
13.23
13.30
13.37
13.48
13.55
13.63
13.58
13.67
13.73
13.78
13.87
14.04
14.08
14.29
14.33
14.47
14.49
14.50
14.66
14.68
14.66
14.67
14.68
14.54
14.39
14.36
14.38
14.42
14.43
14.29
14.26
14.18
14.19
14.10
14.05
13.85
13.74
13.63
13.55
13.42
13.20
13.20
13.18
13.14
13.10
13.12
13.12
12.96
12.93
12.91
12.90
12.94
13.02
13.10
13.20
13.24
13.29
13.27
13.23
13.16
13.12
13.07
13.02
12.94
12.83
12.71
12.39
12.27
12.05
12.15
12.13
12.03
11.94
12.03
12.17
12.23
12.24
12.18
12.11
12.15
12.24
12.21
12.17
12.17
12.17
12.13
12.07
12.01
11.90
11.79
11.64
11.58
11.50
11.31
11.14
11.09
10.81
10.75
10.99
10.97
10.89
10.85
10.80
10.68
10.51
10.20
10.01
10.01
10.10
9.99
9.98
9.92
9.86
9.90
10.00
10.08
10.36
10.38
10.74
10.76
10.61
10.62
10.61
10.59
10.43
10.40
10.40
10.40
10.23
10.04
9.93
9.90
9.96
10.07
10.10
10.08
9.99
9.96
9.95
9.89
9.83
9.81
9.64
9.50
9.30
9.35
9.30
9.29
9.37
9.32
9.21
9.04
9.08
9.06
9.09
9.11
9.07
9.03
9.05
9.03
9.03
9.26
9.43
10.27
10.37
10.47
10.52
10.48
10.81
10.70
10.70
10.66
10.44
10.35
10.36
10.30
10.23
10.23
10.27
10.35
10.34
10.30
10.33
10.63
10.91
10.99
11.02
11.18
11.21
11.58
11.36
10.97
10.79
10.66
10.60
10.55
10.60
10.66
10.69
10.64
10.61
10.50
10.53
10.34
10.16
9.94
9.84
9.92
9.87
9.85
9.96
9.92
9.99
10.05
10.19
10.19
10.30
10.28
10.32
10.40
10.52
10.58
10.58
10.51
10.35
10.40
10.39
10.38
10.44
10.46
10.49
10.44
10.57
10.71
10.67
10.65
10.53
10.40
10.40
10.42
10.38
10.33
10.28
10.22
10.12
10.24
10.31
10.39
10.44
10.46
10.71
10.68
10.77
10.80
10.81
10.71
10.60
10.55
10.56
10.69
10.78
10.91
10.86
10.98
11.22
11.19
11.07
11.11
10.99
11.02
10.97
10.93
10.69
10.50
10.48
10.20
10.04
10.19
10.07
10.03
9.82
9.87
9.81
9.68
9.96
10.09
10.21
10.22
10.17
10.05
10.03
10.16
10.11
9.95
9.92
9.82
9.82
9.79
9.72
9.74
9.74
9.76
9.75
9.69
9.78
9.83
9.80
9.90
10.05
10.17
10.21
10.10
10.31
10.23
10.29
10.34
10.26
10.22
10.26
10.25
10.41
10.56
10.67
10.54
10.37
10.33
10.29
10.10
10.12
10.16
10.15
10.06
10.11
9.99
9.98
9.84
10.08
10.05
10.29
10.24
10.19
10.13
10.16
10.22
10.08
10.22
10.24
10.17
10.13
10.09
10.02
9.93
9.90
9.81
9.56
9.64
9.68
9.56
9.63
9.75
9.61
9.56
9.36
9.25
9.29
9.40
9.49
9.50
9.59
9.52
9.49
9.48
9.47
9.53
9.47
9.47
9.50
9.47
9.45
9.48
9.66
9.65
9.67
9.62
9.64
9.54
9.50
9.44
9.27
9.19
9.17
9.15
9.14
9.02
8.95
8.92
8.87
8.82
8.82
8.91
8.78
8.76
8.69
8.63
8.70
8.62
8.53
8.49
8.35
8.24
8.23
8.45
8.56
8.68
8.67
8.73
8.82
8.83
8.85
8.88
9.03
8.98
8.96
8.84
8.76
8.85
8.84
8.75
8.64
8.53
8.60
8.59
8.54
8.48
8.43
8.29
8.13
8.09
8.08
8.05
8.06
7.96
7.87
8.01
7.94
7.84
7.89
8.02
7.93
8.01
8.06
8.23
8.21
8.29
8.32
8.32
8.29
8.34
8.23
8.19
8.13
8.14
8.07
8.04
8.00
7.86
7.80
7.75
7.65
7.53
7.44
7.47
7.57
7.50
7.53
7.57
7.45
7.38
7.43
7.42
7.42
7.52
7.50
7.47
7.48
7.38
7.34
7.23
7.19
7.16
7.20
7.25
7.21
7.17
7.10
6.97
6.93
6.82
6.96
6.95
6.89
6.87
6.81
6.74
6.86
7.11
7.12
7.08
7.31
7.25
7.14
7.17
7.17
7.13
7.23
6.99
7.05
6.97
6.97
7.21
7.11
7.32
7.51
7.63
7.76
7.80
8.04
8.47
8.26
8.49
8.32
8.53
8.77
8.56
8.53
8.55
8.25
8.33
8.46
8.57
8.68
8.72
8.52
8.57
8.38
8.57
8.54
8.56
8.48
8.51
8.66
8.73
8.82
8.89
8.93
8.85
9.03
9.05
9.19
9.19
9.25
9.23
9.15
9.25
9.18
9.18
9.22
9.19
9.05
9.13
8.94
8.80
8.84
8.73
8.53
8.62
8.38
8.40
8.38
8.41
8.37
8.24
8.26
8.27
7.87
7.83
7.85
7.71
7.51
7.55
7.53
7.53
7.63
7.41
7.60
7.79
7.82
7.80
7.94
7.88
7.76
7.63
7.60
7.57
7.62
7.57
7.50
7.38
7.45
7.44
7.37
7.35
7.35
7.33
7.18
7.15
7.23
7.11
7.02
7.08
7.02
7.00
7.02
7.02
6.94
7.32
7.41
7.38
7.83
7.81
7.69
7.78
8.05
7.95
7.92
7.99
8.24
8.08
8.01
8.03
8.30
8.39
8.30
8.29
8.14
8.42
8.23
8.19
8.23
7.88
7.88
7.93
8.09
8.34
8.28
8.14
8.16
8.06
7.86
7.88
7.86
7.78
7.67
7.59
7.53
7.52
7.44
7.57
7.74
7.64
7.67
7.85
7.87
7.85
7.88
7.74
7.65
7.56
7.65
7.84
7.84
7.94
7.97
8.18
8.15
8.16
8.08
8.01
7.94
7.91
7.92
7.94
7.85
7.72
7.61
7.58
7.62
7.47
7.47
7.43
7.36
7.46
7.54
7.46
7.58
7.53
7.53
7.38
7.28
7.31
7.26
7.34
7.35
7.21
7.24
7.23
7.18
7.17
7.15
7.17
7.07
6.99
7.03
6.94
6.89
6.99
7.12
7.03
7.06
6.99
7.09
7.19
7.16
7.08
7.08
7.15
7.09
7.17
7.15
7.22
7.14
7.19
7.10
7.07
7.05
7.04
6.94
6.96
6.98
6.91
6.94
6.96
6.97
6.94
6.91
6.92
6.92
6.82
6.77
6.66
6.64
6.60
6.49
6.90
6.73
6.83
6.89
6.93
6.86
6.78
6.71
6.69
6.69
6.77
6.83
6.79
6.83
6.78
6.74
6.75
6.77
6.82
6.89
7.06
7.11
7.01
6.98
6.98
6.92
6.87
6.88
6.93
7.02
7.10
7.23
7.23
7.41
7.51
7.65
7.63
7.71
7.65
7.58
7.52
7.70
7.89
8.15
7.93
7.80
7.83
7.88
7.82
7.76
7.70
7.82
7.85
7.93
7.96
7.84
7.67
7.69
7.75
7.84
7.84
7.86
7.96
8.06
8.15
8.18
8.26
8.25
8.25
8.36
8.38
8.31
8.27
8.23
8.24
8.23
8.23
8.20
8.12
8.16
8.13
8.28
8.52
8.64
8.62
8.54
8.32
8.22
8.14
8.22
8.16
8.09
8.21
8.13
8.12
8.04
7.96
7.99
7.96
7.94
7.88
7.90
7.88
7.83
7.84
7.83
7.68
7.73
7.79
7.73
7.73
7.65
7.54
7.42
7.17
7.13
7.07
6.89
7.02
7.15
7.09
6.98
7.01
7.12
7.03
6.97
6.96
6.89
6.91
7.01
7.04
7.14
7.12
7.14
7.10
7.14
7.20
7.24
7.20
7.14
7.11
7.11
7.19
7.21
7.08
7.03
7.00
7.00
6.92
6.91
6.92
6.89
6.86
6.80
6.72
6.64
6.58
6.61
6.64
6.56
6.45
6.51
6.75
7.02
6.84
7.09
7.17
7.16
7.14
7.06
6.83
6.96
7.02
6.88
6.86
6.81
6.80
6.87
7.08
7.14
7.18
7.13
6.99
6.94
6.88
6.78
6.79
6.89
6.81
6.76
6.71
6.71
6.63
6.55
6.57
6.54
6.49
6.34
6.43
6.31
6.22
6.27
6.22
6.15
6.18
6.05
5.99
6.01
5.98
6.15
6.31
6.13
6.11
5.94
6.03
6.13
6.19
6.04
6.03
5.93
5.85
5.95
5.97
5.91
5.90
5.88
5.86
5.84
5.79
5.67
5.61
5.79
5.91
5.79
5.85
5.82
5.79
5.70
5.62
5.45
5.34
5.31
5.26
5.21
5.21
5.24
5.40
5.52
5.67
5.94
6.14
6.34
6.24
6.28
6.32
6.44
6.16
6.01
5.98
5.77
5.95
6.05
6.05
5.94
5.98
6.03
5.83
5.89
6.02
5.88
5.82
5.81
5.85
5.87
5.66
5.64
5.68
5.72
5.66
5.58
5.58
5.59
5.41
5.38
5.40
5.52
5.79
5.89
5.94
6.01
6.12
6.34
6.30
6.32
6.28
6.30
6.32
6.25
6.21
6.01
6.00
5.98
6.08
5.99
5.85
5.81
5.82
5.77
5.83
5.75
5.70
5.72
5.82
5.74
5.69
5.64
5.70
5.76
5.74
5.72
5.81
5.71
5.68
5.75
5.81
5.77
5.74
5.67
5.66
5.63
5.57
5.62
5.69
5.79
5.85
5.95
6.01
6.04
5.93
5.91
5.80
5.78
5.75
5.77
5.71
5.65
5.62
5.56
5.63
5.57
5.53
5.62
5.66
5.73
5.77
5.82
5.89
5.80
5.77
5.71
5.71
5.74
5.80
5.91
5.98
6.03
6.10
6.15
6.31
6.36
6.37
6.28
6.26
6.32
6.30
6.26
6.22
6.21
6.15
6.10
6.12
6.23
6.24
6.28
6.26
6.24
6.37
6.34
6.32
6.35
6.43
6.49
6.53
6.58
6.59
6.58
6.60
6.62
6.67
6.62
6.63
6.71
6.78
6.79
6.74
6.80
6.72
6.63
6.55
6.52
6.48
6.44
6.47
6.43
6.40
6.31
6.30
6.37
6.36
6.40
6.31
6.33
6.24
6.18
6.14
6.11
6.12
6.13
6.18
6.18
6.21
6.23
6.25
6.34
6.28
6.30
6.22
6.18
6.14
6.14
6.16
6.16
6.17
6.22
6.17
6.16
6.16
6.15
6.21
6.37
6.42
